0 0.3431
1 0.327
2 0.4909
3 0.4985
4 0.4863
5 0.3582
6 0.4225
7 0.5238
8 0.4252
9 0.5542
10 0.6072
11 0.2899
12 0.3581
13 0.3928
14 0.4936
15 0.2579
16 0.6629
17 0.3788
18 0.4598
19 0.5804
20 0.5592
21 0.371
22 0.4095
23 0.3752
24 0.4671
25 0.4046
26 0.4916
27 0.4992
28 0.549
29 0.4537
30 0.5653
31 0.6595
32 0.4085
33 0.6401
34 0.6991
35 0.4163
36 0.4504
37 0.6112
38 0.5179
39 0.3601
40 0.3756
41 0.1815
42 0.5293
43 0.7166
44 0.4846
45 0.5077
46 0.5334
47 0.5895
48 0.3892
49 0.4473
50 0.5111
51 0.4848
52 0.4035
53 0.6266
54 0.5936
55 0.5462
56 0.3465
57 0.5654
58 0.4591
59 0.4879
60 0.5651
61 0.3085
62 0.5297
63 0.4837
64 0.4685
65 0.4712
66 0.2924
67 0.4976
68 0.5204
69 0.6263
70 0.2721
71 0.3529
72 0.3669
73 0.5244
74 0.5557
75 0.5355
76 0.451
77 0.339
78 0.5325
79 0.3939
80 0.4185
81 0.5408
82 0.5335
83 0.5047
84 0.5654
85 0.3245
86 0.4616
87 0.5043
88 0.5368
89 0.3927
90 0.5448
91 0.3663
92 0.3397
93 0.5146
94 0.3592
95 0.4555
96 0.6617
97 0.524
98 0.5013
99 0.47
100 0.3386
101 0.446
102 0.4631
103 0.4262
104 0.4499
105 0.5483
106 0.5151
107 0.386
108 0.5337
109 0.4554
110 0.5057
111 0.3928
112 0.3783
113 0.3346
114 0.5599
115 0.5598
116 0.3441
117 0.562
118 0.4847
119 0.4202
120 0.3144
121 0.1912
122 0.3339
123 0.3525
124 0.3444
125 0.474
126 0.5068
127 0.4745
128 0.3914
129 0.5828
130 0.4896
131 0.3966
132 0.3796
133 0.6475
134 0.4782
135 0.3124
136 0.6116
137 0.5156
138 0.3699
139 0.4821
140 0.5788
141 0.4422
142 0.4275
143 0.3919
144 0.7596
145 0.5832
146 0.3707
147 0.5785
148 0.3991
149 0.3238
150 0.576
151 0.4614
152 0.4587
153 0.3886
154 0.4478
155 0.7138
156 0.4593
157 0.4247
158 0.3753
159 0.4475
160 0.5436
161 0.4805
162 0.6708
163 0.3998
164 0.445
165 0.3993
166 0.4463
167 0.3411
168 0.4198
169 0.3876
170 0.4337
171 0.5406
172 0.5001
173 0.5101
174 0.5155
175 0.5661
176 0.5941
177 0.6075
178 0.6847
179 0.3279
180 0.6612
181 0.2844
182 0.4906
183 0.3824
184 0.6223
185 0.5481
186 0.3449
187 0.3742
188 0.5358
189 0.2874
190 0.5004
191 0.467
192 0.4966
193 0.3268
194 0.3157
195 0.1976
196 0.4957
197 0.6759
198 0.4163
199 0.4189
200 0.3541
201 0.3634
202 0.204
203 0.5718
204 0.5263
205 0.5839
206 0.54
207 0.4115
208 0.3205
209 0.6121
210 0.4637
211 0.5053
212 0.3399
213 0.4313
214 0.2573
215 0.3958
216 0.4919
217 0.4823
218 0.5646
219 0.5559
220 0.4433
221 0.5114
222 0.2592
223 0.5364
224 0.5254
225 0.4813
226 0.3848
227 0.3583
228 0.5627
229 0.384
230 0.4637
231 0.423
232 0.4804
233 0.3485
234 0.3767
235 0.5545
236 0.5419
237 0.4969
238 0.3058
239 0.472
240 0.4712
241 0.5425
242 0.3541
243 0.4384
244 0.4742
245 0.4735
246 0.5391
247 0.567
248 0.4625
249 0.3766
250 0.3699
251 0.4155
252 0.3319
253 0.4875
254 0.4762
255 0.5136
256 0.4422
257 0.3521
258 0.5977
259 0.6361
260 0.5409
261 0.4231
262 0.5569
263 0.256
264 0.3966
265 0.5195
266 0.398
267 0.6058
268 0.5145
269 0.5709
270 0.4007
271 0.359
272 0.6255
273 0.262
274 0.6191
275 0.3928
276 0.3664
277 0.5253
278 0.366
279 0.4311
280 0.5606
281 0.4077
282 0.4178
283 0.222
284 0.5002
285 0.3616
286 0.46
287 0.5964
288 0.5692
289 0.4085
290 0.4743
291 0.4882
292 0.5213
293 0.5484
294 0.4504
295 0.5596
296 0.3749
297 0.5054
298 0.5307
299 0.4417
300 0.4184
301 0.4179
302 0.6806
303 0.4277
304 0.3549
305 0.3915
306 0.5425
307 0.578
308 0.4794
309 0.3294
310 0.5315
311 0.4457
312 0.4625
313 0.4405
314 0.4838
315 0.3491
316 0.5339
317 0.3464
318 0.3945
319 0.4295
320 0.5015
321 0.4034
322 0.3204
323 0.4406
324 0.5914
325 0.4716
326 0.2572
327 0.4044
328 0.4758
329 0.5698
330 0.6055
331 0.4678
332 0.2238
333 0.4107
334 0.3736
335 0.4312
336 0.3561
337 0.495
338 0.4669
339 0.3359
340 0.5137
341 0.5579
342 0.2551
343 0.5083
344 0.355
345 0.3563
346 0.5399
347 0.3633
348 0.5687
349 0.5073
350 0.4976
351 0.5295
352 0.2437
353 0.4675
354 0.398
355 0.326
356 0.0668
357 0.6154
358 0.4742
359 0.3265
360 0.3259
361 0.3853
362 0.4522
363 0.4637
364 0.4826
365 0.4169
366 0.5108
367 0.3457
368 0.4192
369 0.5414
370 0.6501
371 0.5282
372 0.4012
373 0.399
374 0.482
375 0.5311
376 0.4405
377 0.4607
378 0.3604
379 0.4585
380 0.5291
381 0.4677
382 0.2651
383 0.3576
384 0.6738
385 0.5383
386 0.6065
387 0.5739
388 0.4503
389 0.4863
390 0.3866
391 0.4714
392 0.446
393 0.413
394 0.4132
395 0.3047
396 0.5526
397 0.4337
398 0.4467
399 0.3957
400 0.3788
401 0.3073
402 0.3606
403 0.3815
404 0.4519
405 0.4451
406 0.4916
407 0.7236
408 0.3801
409 0.5756
410 0.3578
411 0.4402
412 0.2954
413 0.3766
414 0.4091
415 0.3805
416 0.3445
417 0.5573
418 0.6426
419 0.6056
420 0.4761
421 0.4076
422 0.4651
423 0.5488
424 0.5896
425 0.4702
426 0.5017
427 0.4293
428 0.5268
429 0.3615
430 0.3291
431 0.3713
432 0.532
433 0.415
434 0.5069
435 0.6223
436 0.4435
437 0.4744
438 0.4071
439 0.4495
440 0.4866
441 0.3884
442 0.3333
443 0.5107
444 0.4677
445 0.6809
446 0.4257
447 0.561
448 0.4391
449 0.6138
450 0.5025
451 0.356
452 0.4518
453 0.5075
454 0.0595
455 0.2999
456 0.3845
457 0.3917
458 0.552
459 0.3114
460 0.368
461 0.4341
462 0.5597
463 0.2501
464 0.4012
465 0.4639
466 0.4718
467 0.4829
468 0.5734
469 0.3024
470 0.3514
471 0.4176
472 0.378
473 0.3576
474 0.3395
475 0.2082
476 0.493
477 0.4003
478 0.4066
479 0.4345
480 0.5193
481 0.4183
482 0.5799
483 0.608
484 0.5507
485 0.5553
486 0.51
487 0.5799
488 0.3744
489 0.6003
490 0.222
491 0.2048
492 0.3727
493 0.4349
494 0.1948
495 0.4661
496 0.5118
497 0.4315
498 0.2914
499 0.5882
